{
    "cam00": {
        "K": [
            1114.7813720703125,
            0.0,
            664.2025756835938,
            0.0,
            1114.563720703125,
            571.3767700195312,
            0.0,
            0.0,
            1.0
        ],
        "R": [
            0.9789125323295593,
            -0.036160651594400406,
            -0.2010539174079895,
            -0.14441639184951782,
            -0.8185936212539673,
            -0.555921196937561,
            -0.14447897672653198,
            0.5732337236404419,
            -0.8065537810325623
        ],
        "T": [
            -1.3003770112991333,
            0.42422378063201904,
            2.4649457931518555
        ],
        "distCoeff": [
            0.0,
            0.0,
            0.0,
            0.0,
            0.0
        ],
        "imgSize": [
            1330,
            1150
        ],
        "rectifyAlpha": 0.0
    },
    "cam01": {
        "K": [
            1126.676025390625,
            0.0,
            668.7727661132812,
            0.0,
            1126.7403564453125,
            571.3721313476562,
            0.0,
            0.0,
            1.0
        ],
        "R": [
            0.901027262210846,
            0.1278771460056305,
            -0.41448459029197693,
            -0.13929569721221924,
            -0.8196411728858948,
            -0.5556842684745789,
            -0.410787969827652,
            0.5584225058555603,
            -0.7207062244415283
        ],
        "T": [
            -1.4625080823898315,
            0.41691192984580994,
            2.9025607109069824
        ],
        "distCoeff": [
            0.0,
            0.0,
            0.0,
            0.0,
            0.0
        ],
        "imgSize": [
            1330,
            1150
        ],
        "rectifyAlpha": 0.0
    },
    "cam02": {
        "K": [
            1122.50390625,
            0.0,
            663.93408203125,
            0.0,
            1122.2940673828125,
            565.6901245117188,
            0.0,
            0.0,
            1.0
        ],
        "R": [
            0.7729429602622986,
            0.26766645908355713,
            -0.5752509236335754,
            -0.1376061737537384,
            -0.8143544793128967,
            -0.5638184547424316,
            -0.6193735003471375,
            0.5149576663970947,
            -0.5926170945167542
        ],
        "T": [
            -1.5476902723312378,
            0.42970699071884155,
            3.3003599643707275
        ],
        "distCoeff": [
            0.0,
            0.0,
            0.0,
            0.0,
            0.0
        ],
        "imgSize": [
            1330,
            1150
        ],
        "rectifyAlpha": 0.0
    },
    "cam03": {
        "K": [
            1113.8883056640625,
            0.0,
            676.3145141601562,
            0.0,
            1114.1497802734375,
            573.2667236328125,
            0.0,
            0.0,
            1.0
        ],
        "R": [
            0.61053067445755,
            0.3811776638031006,
            -0.6942305564880371,
            -0.12789207696914673,
            -0.817607581615448,
            -0.5613925457000732,
            -0.7815984487533569,
            0.43153390288352966,
            -0.45042482018470764
        ],
        "T": [
            -1.555156946182251,
            0.3906138837337494,
            3.5931055545806885
        ],
        "distCoeff": [
            0.0,
            0.0,
            0.0,
            0.0,
            0.0
        ],
        "imgSize": [
            1330,
            1150
        ],
        "rectifyAlpha": 0.0
    },
    "cam04": {
        "K": [
            1118.0660400390625,
            0.0,
            654.0880737304688,
            0.0,
            1117.0667724609375,
            550.0850830078125,
            0.0,
            0.0,
            1.0
        ],
        "R": [
            0.36401045322418213,
            0.49949565529823303,
            -0.786129891872406,
            -0.14018550515174866,
            -0.8050381541252136,
            -0.5764212608337402,
            -0.9207845330238342,
            0.3200274705886841,
            -0.22302043437957764
        ],
        "T": [
            -1.3563878536224365,
            0.44933226704597473,
            4.038349151611328
        ],
        "distCoeff": [
            0.0,
            0.0,
            0.0,
            0.0,
            0.0
        ],
        "imgSize": [
            1330,
            1150
        ],
        "rectifyAlpha": 0.0
    },
    "cam05": {
        "K": [
            1116.182861328125,
            0.0,
            671.1694946289062,
            0.0,
            1115.817138671875,
            564.6517333984375,
            0.0,
            0.0,
            1.0
        ],
        "R": [
            0.1500503420829773,
            0.5310117602348328,
            -0.833973228931427,
            -0.13638286292552948,
            -0.8243420720100403,
            -0.5494177341461182,
            -0.9792265295982361,
            0.19618000090122223,
            -0.05127197504043579
        ],
        "T": [
            -1.224831223487854,
            0.45103585720062256,
            4.3552374839782715
        ],
        "distCoeff": [
            0.0,
            0.0,
            0.0,
            0.0,
            0.0
        ],
        "imgSize": [
            1330,
            1150
        ],
        "rectifyAlpha": 0.0
    },
    "cam06": {
        "K": [
            1120.96875,
            0.0,
            671.374755859375,
            0.0,
            1120.7115478515625,
            562.3971557617188,
            0.0,
            0.0,
            1.0
        ],
        "R": [
            -0.13112443685531616,
            0.5948295593261719,
            -0.7930852770805359,
            -0.13079294562339783,
            -0.8033793568611145,
            -0.5809258222579956,
            -0.9827001690864563,
            0.027556389570236206,
            0.1831423044204712
        ],
        "T": [
            -0.8785197734832764,
            0.4007676839828491,
            4.615476608276367
        ],
        "distCoeff": [
            0.0,
            0.0,
            0.0,
            0.0,
            0.0
        ],
        "imgSize": [
            1330,
            1150
        ],
        "rectifyAlpha": 0.0
    },
    "cam07": {
        "K": [
            1119.6163330078125,
            0.0,
            668.6458740234375,
            0.0,
            1119.880859375,
            544.3831176757812,
            0.0,
            0.0,
            1.0
        ],
        "R": [
            -0.37012386322021484,
            0.5729588270187378,
            -0.731249988079071,
            -0.14321844279766083,
            -0.8129338026046753,
            -0.5644705891609192,
            -0.9178763031959534,
            -0.10419559478759766,
            0.3829447031021118
        ],
        "T": [
            -0.5310887098312378,
            0.4969838559627533,
            4.833831310272217
        ],
        "distCoeff": [
            0.0,
            0.0,
            0.0,
            0.0,
            0.0
        ],
        "imgSize": [
            1330,
            1150
        ],
        "rectifyAlpha": 0.0
    },
    "cam08": {
        "K": [
            1129.0166015625,
            0.0,
            656.3909912109375,
            0.0,
            1127.8463134765625,
            558.3301391601562,
            0.0,
            0.0,
            1.0
        ],
        "R": [
            -0.6239229440689087,
            0.5149617791175842,
            -0.587821900844574,
            -0.13326336443424225,
            -0.811276912689209,
            -0.5692720413208008,
            -0.7700396180152893,
            -0.2768467664718628,
            0.5747999548912048
        ],
        "T": [
            -0.044517770409584045,
            0.4479493200778961,
            4.976625919342041
        ],
        "distCoeff": [
            0.0,
            0.0,
            0.0,
            0.0,
            0.0
        ],
        "imgSize": [
            1330,
            1150
        ],
        "rectifyAlpha": 0.0
    },
    "cam09": {
        "K": [
            1130.19921875,
            0.0,
            661.3673706054688,
            0.0,
            1129.7362060546875,
            556.1578979492188,
            0.0,
            0.0,
            1.0
        ],
        "R": [
            -0.8032007217407227,
            0.4300975203514099,
            -0.41217076778411865,
            -0.13492070138454437,
            -0.8052618503570557,
            -0.577364444732666,
            -0.5802284479141235,
            -0.40812918543815613,
            0.7048160433769226
        ],
        "T": [
            0.3554982542991638,
            0.436452180147171,
            4.907172679901123
        ],
        "distCoeff": [
            0.0,
            0.0,
            0.0,
            0.0,
            0.0
        ],
        "imgSize": [
            1330,
            1150
        ],
        "rectifyAlpha": 0.0
    },
    "cam10": {
        "K": [
            1129.4879150390625,
            0.0,
            658.7734375,
            0.0,
            1129.0286865234375,
            543.8038330078125,
            0.0,
            0.0,
            1.0
        ],
        "R": [
            -0.9251693487167358,
            0.3116559088230133,
            -0.2166386991739273,
            -0.13965368270874023,
            -0.8102427124977112,
            -0.5692131519317627,
            -0.3529285788536072,
            -0.49636411666870117,
            0.7931355237960815
        ],
        "T": [
            0.7349662780761719,
            0.5014200806617737,
            4.790018558502197
        ],
        "distCoeff": [
            0.0,
            0.0,
            0.0,
            0.0,
            0.0
        ],
        "imgSize": [
            1330,
            1150
        ],
        "rectifyAlpha": 0.0
    },
    "cam11": {
        "K": [
            1129.52783203125,
            0.0,
            674.9684448242188,
            0.0,
            1128.371826171875,
            547.0431518554688,
            0.0,
            0.0,
            1.0
        ],
        "R": [
            -0.9760977029800415,
            0.21206191182136536,
            -0.047570571303367615,
            -0.1450749635696411,
            -0.7987494468688965,
            -0.5839114189147949,
            -0.1618223488330841,
            -0.5630532503128052,
            0.8104221224784851
        ],
        "T": [
            0.9523422122001648,
            0.434766948223114,
            4.492981910705566
        ],
        "distCoeff": [
            0.0,
            0.0,
            0.0,
            0.0,
            0.0
        ],
        "imgSize": [
            1330,
            1150
        ],
        "rectifyAlpha": 0.0
    },
    "cam12": {
        "K": [
            1119.577880859375,
            0.0,
            652.9637451171875,
            0.0,
            1119.9464111328125,
            585.9083862304688,
            0.0,
            0.0,
            1.0
        ],
        "R": [
            -0.980912446975708,
            0.025088343769311905,
            0.19282488524913788,
            -0.1400553286075592,
            -0.779058575630188,
            -0.6111074686050415,
            0.13489021360874176,
            -0.6264489889144897,
            0.7677019834518433
        ],
        "T": [
            1.3263965845108032,
            0.28622251749038696,
            4.144469261169434
        ],
        "distCoeff": [
            0.0,
            0.0,
            0.0,
            0.0,
            0.0
        ],
        "imgSize": [
            1330,
            1150
        ],
        "rectifyAlpha": 0.0
    },
    "cam13": {
        "K": [
            1128.8385009765625,
            0.0,
            652.9933471679688,
            0.0,
            1128.6783447265625,
            571.8889770507812,
            0.0,
            0.0,
            1.0
        ],
        "R": [
            -0.9110950231552124,
            -0.13013103604316711,
            0.3911159634590149,
            -0.14662086963653564,
            -0.7844876646995544,
            -0.6025623679161072,
            0.3852376937866211,
            -0.6063373684883118,
            0.6956631541252136
        ],
        "T": [
            1.5048682689666748,
            0.34451422095298767,
            3.7928311824798584
        ],
        "distCoeff": [
            0.0,
            0.0,
            0.0,
            0.0,
            0.0
        ],
        "imgSize": [
            1330,
            1150
        ],
        "rectifyAlpha": 0.0
    },
    "cam14": {
        "K": [
            1138.29443359375,
            0.0,
            660.090576171875,
            0.0,
            1138.34423828125,
            567.7401733398438,
            0.0,
            0.0,
            1.0
        ],
        "R": [
            -0.7954661250114441,
            -0.2621123790740967,
            0.5463796854019165,
            -0.15045098960399628,
            -0.7879701852798462,
            -0.5970489382743835,
            0.5870248079299927,
            -0.5571355223655701,
            0.5873686075210571
        ],
        "T": [
            1.5748155117034912,
            0.37408238649368286,
            3.5135555267333984
        ],
        "distCoeff": [
            0.0,
            0.0,
            0.0,
            0.0,
            0.0
        ],
        "imgSize": [
            1330,
            1150
        ],
        "rectifyAlpha": 0.0
    },
    "cam15": {
        "K": [
            1129.5433349609375,
            0.0,
            662.1836547851562,
            0.0,
            1129.738525390625,
            562.7838745117188,
            0.0,
            0.0,
            1.0
        ],
        "R": [
            -0.5921128392219543,
            -0.3915349245071411,
            0.704345703125,
            -0.16164268553256989,
            -0.7985659837722778,
            -0.5797964930534363,
            0.7894771099090576,
            -0.45715728402137756,
            0.40955251455307007
        ],
        "T": [
            1.4900116920471191,
            0.43396925926208496,
            3.040374517440796
        ],
        "distCoeff": [
            0.0,
            0.0,
            0.0,
            0.0,
            0.0
        ],
        "imgSize": [
            1330,
            1150
        ],
        "rectifyAlpha": 0.0
    },
    "cam16": {
        "K": [
            1129.6082763671875,
            0.0,
            667.1520385742188,
            0.0,
            1129.750244140625,
            579.0361328125,
            0.0,
            0.0,
            1.0
        ],
        "R": [
            -0.37967491149902344,
            -0.5001699328422546,
            0.7782526016235352,
            -0.16871453821659088,
            -0.789701521396637,
            -0.5898363590240479,
            0.9096056222915649,
            -0.3552485704421997,
            0.21544396877288818
        ],
        "T": [
            1.3571345806121826,
            0.387426495552063,
            2.704348087310791
        ],
        "distCoeff": [
            0.0,
            0.0,
            0.0,
            0.0,
            0.0
        ],
        "imgSize": [
            1330,
            1150
        ],
        "rectifyAlpha": 0.0
    },
    "cam17": {
        "K": [
            1129.202880859375,
            0.0,
            669.2590942382812,
            0.0,
            1129.5264892578125,
            567.3696899414062,
            0.0,
            0.0,
            1.0
        ],
        "R": [
            -0.12675374746322632,
            -0.5666808485984802,
            0.8141292929649353,
            -0.16570360958576202,
            -0.7971195578575134,
            -0.5806399583816528,
            0.9779959321022034,
            -0.20850248634815216,
            0.007137119770050049
        ],
        "T": [
            1.1242623329162598,
            0.4185454845428467,
            2.35041880607605
        ],
        "distCoeff": [
            0.0,
            0.0,
            0.0,
            0.0,
            0.0
        ],
        "imgSize": [
            1330,
            1150
        ],
        "rectifyAlpha": 0.0
    },
    "cam18": {
        "K": [
            1132.409423828125,
            0.0,
            665.237060546875,
            0.0,
            1132.9322509765625,
            570.1576538085938,
            0.0,
            0.0,
            1.0
        ],
        "R": [
            0.15051710605621338,
            -0.5997669696807861,
            0.7858905792236328,
            -0.16488714516162872,
            -0.7990425825119019,
            -0.5782241821289062,
            0.9747598171234131,
            -0.04255059361457825,
            -0.21916353702545166
        ],
        "T": [
            0.8191984295845032,
            0.4190795123577118,
            2.057823896408081
        ],
        "distCoeff": [
            0.0,
            0.0,
            0.0,
            0.0,
            0.0
        ],
        "imgSize": [
            1330,
            1150
        ],
        "rectifyAlpha": 0.0
    },
    "cam19": {
        "K": [
            1129.133056640625,
            0.0,
            660.1060180664062,
            0.0,
            1129.1033935546875,
            567.4320068359375,
            0.0,
            0.0,
            1.0
        ],
        "R": [
            0.4013422727584839,
            -0.5753393173217773,
            0.7126773595809937,
            -0.16715988516807556,
            -0.8110347390174866,
            -0.5606069564819336,
            0.9005453586578369,
            0.1058642566204071,
            -0.4216762185096741
        ],
        "T": [
            0.4786809980869293,
            0.4229942858219147,
            1.8099762201309204
        ],
        "distCoeff": [
            0.0,
            0.0,
            0.0,
            0.0,
            0.0
        ],
        "imgSize": [
            1330,
            1150
        ],
        "rectifyAlpha": 0.0
    },
    "cam20": {
        "K": [
            1125.7325439453125,
            0.0,
            664.1538696289062,
            0.0,
            1126.4058837890625,
            566.4935913085938,
            0.0,
            0.0,
            1.0
        ],
        "R": [
            0.6185018420219421,
            -0.5295320153236389,
            0.5805609226226807,
            -0.16159425675868988,
            -0.8087537288665771,
            -0.5655127763748169,
            0.7689878940582275,
            0.2559554874897003,
            -0.5857852101325989
        ],
        "T": [
            0.06958166509866714,
            0.4370102882385254,
            1.8141498565673828
        ],
        "distCoeff": [
            0.0,
            0.0,
            0.0,
            0.0,
            0.0
        ],
        "imgSize": [
            1330,
            1150
        ],
        "rectifyAlpha": 0.0
    },
    "cam21": {
        "K": [
            1136.0640869140625,
            0.0,
            662.0599975585938,
            0.0,
            1136.3563232421875,
            563.8951416015625,
            0.0,
            0.0,
            1.0
        ],
        "R": [
            0.8080047369003296,
            -0.42864614725112915,
            0.4042161703109741,
            -0.1496666669845581,
            -0.812895655632019,
            -0.5628503561019897,
            0.5698491930961609,
            0.3942880928516388,
            -0.7209776639938354
        ],
        "T": [
            -0.34158775210380554,
            0.4305654466152191,
            1.8453154563903809
        ],
        "distCoeff": [
            0.0,
            0.0,
            0.0,
            0.0,
            0.0
        ],
        "imgSize": [
            1330,
            1150
        ],
        "rectifyAlpha": 0.0
    },
    "cam22": {
        "K": [
            1120.9227294921875,
            0.0,
            677.9798583984375,
            0.0,
            1121.076171875,
            563.1549682617188,
            0.0,
            0.0,
            1.0
        ],
        "R": [
            0.9197809100151062,
            -0.3172285556793213,
            0.2310168743133545,
            -0.14175209403038025,
            -0.8175042867660522,
            -0.5582051873207092,
            0.36593592166900635,
            0.480679452419281,
            -0.7968927621841431
        ],
        "T": [
            -0.7418416738510132,
            0.4312252104282379,
            1.9902454614639282
        ],
        "distCoeff": [
            0.0,
            0.0,
            0.0,
            0.0,
            0.0
        ],
        "imgSize": [
            1330,
            1150
        ],
        "rectifyAlpha": 0.0
    },
    "cam23": {
        "K": [
            1120.84716796875,
            0.0,
            674.9315185546875,
            0.0,
            1121.910888671875,
            577.9261474609375,
            0.0,
            0.0,
            1.0
        ],
        "R": [
            0.9835854768753052,
            -0.1790315806865692,
            0.02252422273159027,
            -0.13696306943893433,
            -0.822007954120636,
            -0.5527603626251221,
            0.11747665703296661,
            0.5406020879745483,
            -0.8330357670783997
        ],
        "T": [
            -1.0443826913833618,
            0.4047955870628357,
            2.266456127166748
        ],
        "distCoeff": [
            0.0,
            0.0,
            0.0,
            0.0,
            0.0
        ],
        "imgSize": [
            1330,
            1150
        ],
        "rectifyAlpha": 0.0
    }
}