{
    "cam00": {
        "K": [
            1114.7813720703125,
            0.0,
            664.2025756835938,
            0.0,
            1114.563720703125,
            571.3767700195312,
            0.0,
            0.0,
            1.0
        ],
        "R": [
            0.5095130801200867,
            -0.6152820587158203,
            -0.6015183925628662,
            0.7710500955581665,
            0.6367720365524292,
            0.0017716437578201294,
            0.3819400370121002,
            -0.4647035598754883,
            0.7988569736480713
        ],
        "T": [
            -1.1763627529144287,
            -0.653163731098175,
            3.7467734813690186
        ],
        "distCoeff": [
            -0.0892241969704628,
            0.041666507720947266,
            0.0007078028284013271,
            -0.0006879041320644319,
            0.035796262323856354
        ],
        "imgSize": [
            1330,
            1150
        ],
        "rectifyAlpha": 0.0
    },
    "cam01": {
        "K": [
            1126.676025390625,
            0.0,
            668.7727661132812,
            0.0,
            1126.7403564453125,
            571.3721313476562,
            0.0,
            0.0,
            1.0
        ],
        "R": [
            0.5649121403694153,
            -0.7296738624572754,
            -0.3852924406528473,
            0.7864383459091187,
            0.6174542307853699,
            -0.01627776026725769,
            0.2497778832912445,
            -0.2938132584095001,
            0.922650933265686
        ],
        "T": [
            -0.909765362739563,
            -0.7003079056739807,
            4.0306010246276855
        ],
        "distCoeff": [
            -0.08970596641302109,
            0.0932219922542572,
            0.00025795630062930286,
            0.0005931466002948582,
            -0.013051182962954044
        ],
        "imgSize": [
            1330,
            1150
        ],
        "rectifyAlpha": 0.0
    },
    "cam02": {
        "K": [
            1122.50390625,
            0.0,
            663.93408203125,
            0.0,
            1122.2940673828125,
            565.6901245117188,
            0.0,
            0.0,
            1.0
        ],
        "R": [
            0.5992560386657715,
            -0.7930057644844055,
            -0.1096993237733841,
            0.797138512134552,
            0.6037188172340393,
            -0.009684968739748001,
            0.0739077776670456,
            -0.0816417783498764,
            0.9939175844192505
        ],
        "T": [
            -0.5203375220298767,
            -0.6802724599838257,
            4.2282915115356445
        ],
        "distCoeff": [
            -0.0906362310051918,
            0.11563915759325027,
            -0.0006174397422000766,
            0.0008246068609878421,
            -0.06952238082885742
        ],
        "imgSize": [
            1330,
            1150
        ],
        "rectifyAlpha": 0.0
    },
    "cam03": {
        "K": [
            1113.8883056640625,
            0.0,
            676.3145141601562,
            0.0,
            1114.1497802734375,
            573.2667236328125,
            0.0,
            0.0,
            1.0
        ],
        "R": [
            0.5992605686187744,
            -0.7931950688362122,
            0.10829728841781616,
            0.7984418272972107,
            0.6020057797431946,
            -0.008926361799240112,
            -0.058115243911743164,
            0.09181831032037735,
            0.9940784573554993
        ],
        "T": [
            -0.26838967204093933,
            -0.685190737247467,
            4.322559356689453
        ],
        "distCoeff": [
            -0.09286905080080032,
            0.10124392062425613,
            0.0008848697762005031,
            0.0020668997894972563,
            -0.07690413296222687
        ],
        "imgSize": [
            1330,
            1150
        ],
        "rectifyAlpha": 0.0
    },
    "cam04": {
        "K": [
            1118.0660400390625,
            0.0,
            654.0880737304688,
            0.0,
            1117.0667724609375,
            550.0850830078125,
            0.0,
            0.0,
            1.0
        ],
        "R": [
            0.5355933904647827,
            -0.7500836849212646,
            0.38796156644821167,
            0.8112967014312744,
            0.584546685218811,
            0.010139673948287964,
            -0.23438727855682373,
            0.30932119488716125,
            0.9216197729110718
        ],
        "T": [
            0.253567636013031,
            -0.6217729449272156,
            4.300413131713867
        ],
        "distCoeff": [
            -0.10111214965581894,
            0.14106842875480652,
            -0.003912234678864479,
            -0.0038387237582355738,
            -0.10166892409324646
        ],
        "imgSize": [
            1330,
            1150
        ],
        "rectifyAlpha": 0.0
    },
    "cam05": {
        "K": [
            1116.182861328125,
            0.0,
            671.1694946289062,
            0.0,
            1115.817138671875,
            564.6517333984375,
            0.0,
            0.0,
            1.0
        ],
        "R": [
            0.48540857434272766,
            -0.6302887201309204,
            0.6058999300003052,
            0.800600528717041,
            0.5989170074462891,
            -0.018365636467933655,
            -0.35130810737609863,
            0.493998646736145,
            0.7953288555145264
        ],
        "T": [
            0.5023447275161743,
            -0.6862927079200745,
            4.200076580047607
        ],
        "distCoeff": [
            -0.09219615161418915,
            0.1050158366560936,
            -0.0031786311883479357,
            0.0005456152721308172,
            -0.04471383988857269
        ],
        "imgSize": [
            1330,
            1150
        ],
        "rectifyAlpha": 0.0
    },
    "cam06": {
        "K": [
            1120.96875,
            0.0,
            671.374755859375,
            0.0,
            1120.7115478515625,
            562.3971557617188,
            0.0,
            0.0,
            1.0
        ],
        "R": [
            0.33744871616363525,
            -0.5119951963424683,
            0.7899300456047058,
            0.8225200176239014,
            0.5684794187545776,
            0.01709061861038208,
            -0.4578092694282532,
            0.643966019153595,
            0.6129588484764099
        ],
        "T": [
            0.8915510773658752,
            -0.6394261121749878,
            3.9973912239074707
        ],
        "distCoeff": [
            -0.08373656868934631,
            0.05150531604886055,
            -0.0030687637627124786,
            0.001954979496076703,
            0.04957907274365425
        ],
        "imgSize": [
            1330,
            1150
        ],
        "rectifyAlpha": 0.0
    },
    "cam07": {
        "K": [
            1119.6163330078125,
            0.0,
            668.6458740234375,
            0.0,
            1119.880859375,
            544.3831176757812,
            0.0,
            0.0,
            1.0
        ],
        "R": [
            0.2128753662109375,
            -0.33277374505996704,
            0.9186652302742004,
            0.8146381974220276,
            0.5795828700065613,
            0.021175920963287354,
            -0.5394893288612366,
            0.7438719868659973,
            0.39446914196014404
        ],
        "T": [
            1.1649343967437744,
            -0.5825287103652954,
            3.76587176322937
        ],
        "distCoeff": [
            -0.08476439118385315,
            0.03596627339720726,
            -0.0032605715095996857,
            0.0029950847383588552,
            0.06940991431474686
        ],
        "imgSize": [
            1330,
            1150
        ],
        "rectifyAlpha": 0.0
    },
    "cam08": {
        "K": [
            1129.0166015625,
            0.0,
            656.3909912109375,
            0.0,
            1127.8463134765625,
            558.3301391601562,
            0.0,
            0.0,
            1.0
        ],
        "R": [
            0.02815154194831848,
            -0.11914938688278198,
            0.9924771785736084,
            0.8252202868461609,
            0.5630795359611511,
            0.04419180750846863,
            -0.5641089677810669,
            0.8177682161331177,
            0.11417604982852936
        ],
        "T": [
            1.4327436685562134,
            -0.5973348021507263,
            3.4092679023742676
        ],
        "distCoeff": [
            -0.09334690123796463,
            0.10004973411560059,
            -0.003615508321672678,
            -0.005195778328925371,
            -0.029400870203971863
        ],
        "imgSize": [
            1330,
            1150
        ],
        "rectifyAlpha": 0.0
    },
    "cam09": {
        "K": [
            1130.19921875,
            0.0,
            661.3673706054688,
            0.0,
            1129.7362060546875,
            556.1578979492188,
            0.0,
            0.0,
            1.0
        ],
        "R": [
            -0.11824540793895721,
            0.07586666941642761,
            0.9900819659233093,
            0.824288010597229,
            0.5634668469429016,
            0.05526813864707947,
            -0.5536852478981018,
            0.8226479291915894,
            -0.12916333973407745
        ],
        "T": [
            1.4882582426071167,
            -0.5690621137619019,
            3.03320574760437
        ],
        "distCoeff": [
            -0.08392966538667679,
            0.1068619042634964,
            -0.00452036876231432,
            -0.0013191171456128359,
            -0.05664445087313652
        ],
        "imgSize": [
            1330,
            1150
        ],
        "rectifyAlpha": 0.0
    },
    "cam10": {
        "K": [
            1129.4879150390625,
            0.0,
            658.7734375,
            0.0,
            1129.0286865234375,
            543.8038330078125,
            0.0,
            0.0,
            1.0
        ],
        "R": [
            -0.24825716018676758,
            0.2661299705505371,
            0.9314200282096863,
            0.8178936243057251,
            0.5727982521057129,
            0.054335594177246094,
            -0.5190553069114685,
            0.7752916812896729,
            -0.3598672151565552
        ],
        "T": [
            1.4567437171936035,
            -0.5296677947044373,
            2.7281248569488525
        ],
        "distCoeff": [
            -0.08580614626407623,
            0.11591629683971405,
            -0.004818521440029144,
            -6.302614929154515e-05,
            -0.0637836828827858
        ],
        "imgSize": [
            1330,
            1150
        ],
        "rectifyAlpha": 0.0
    },
    "cam11": {
        "K": [
            1129.52783203125,
            0.0,
            674.9684448242188,
            0.0,
            1128.371826171875,
            547.0431518554688,
            0.0,
            0.0,
            1.0
        ],
        "R": [
            -0.40182065963745117,
            0.4467184543609619,
            0.7993639707565308,
            0.8123667240142822,
            0.5767649412155151,
            0.08603599667549133,
            -0.42261138558387756,
            0.6839476823806763,
            -0.5946553945541382
        ],
        "T": [
            1.3727775812149048,
            -0.49731531739234924,
            2.2586796283721924
        ],
        "distCoeff": [
            -0.08150637894868851,
            0.12272007018327713,
            -0.004522521048784256,
            0.0020529686007648706,
            -0.0835491195321083
        ],
        "imgSize": [
            1330,
            1150
        ],
        "rectifyAlpha": 0.0
    },
    "cam12": {
        "K": [
            1119.577880859375,
            0.0,
            652.9637451171875,
            0.0,
            1119.9464111328125,
            585.9083862304688,
            0.0,
            0.0,
            1.0
        ],
        "R": [
            -0.5175724029541016,
            0.6270568370819092,
            0.5821671485900879,
            0.8220605850219727,
            0.5531548857688904,
            0.13504084944725037,
            -0.23735031485557556,
            0.5484700202941895,
            -0.8017764687538147
        ],
        "T": [
            1.193858027458191,
            -0.569871187210083,
            1.6761038303375244
        ],
        "distCoeff": [
            -0.10553450882434845,
            0.1849365383386612,
            0.00021852309873793274,
            -0.002905207686126232,
            -0.21694691479206085
        ],
        "imgSize": [
            1330,
            1150
        ],
        "rectifyAlpha": 0.0
    },
    "cam13": {
        "K": [
            1128.8385009765625,
            0.0,
            652.9933471679688,
            0.0,
            1128.6783447265625,
            571.8889770507812,
            0.0,
            0.0,
            1.0
        ],
        "R": [
            -0.5795758962631226,
            0.7304729223251343,
            0.36124923825263977,
            0.8053112030029297,
            0.5812603235244751,
            0.11666172742843628,
            -0.12476164847612381,
            0.3585324287414551,
            -0.9251427054405212
        ],
        "T": [
            0.9272621273994446,
            -0.5102230906486511,
            1.639724612236023
        ],
        "distCoeff": [
            -0.08779967576265335,
            0.09504421055316925,
            0.0004735659167636186,
            -0.0009456301922909915,
            -0.032399341464042664
        ],
        "imgSize": [
            1330,
            1150
        ],
        "rectifyAlpha": 0.0
    },
    "cam14": {
        "K": [
            1138.29443359375,
            0.0,
            660.090576171875,
            0.0,
            1138.34423828125,
            567.7401733398438,
            0.0,
            0.0,
            1.0
        ],
        "R": [
            -0.5917714834213257,
            0.7975891828536987,
            0.11686734110116959,
            0.8057516813278198,
            0.5809656977653503,
            0.11507841944694519,
            0.023889385163784027,
            0.16226619482040405,
            -0.9864577651023865
        ],
        "T": [
            0.5329005718231201,
            -0.5023263096809387,
            1.4791141748428345
        ],
        "distCoeff": [
            -0.08534988015890121,
            0.08352553099393845,
            1.6647323718643747e-05,
            -0.001456679543480277,
            0.052991852164268494
        ],
        "imgSize": [
            1330,
            1150
        ],
        "rectifyAlpha": 0.0
    },
    "cam15": {
        "K": [
            1129.5433349609375,
            0.0,
            662.1836547851562,
            0.0,
            1129.738525390625,
            562.7838745117188,
            0.0,
            0.0,
            1.0
        ],
        "R": [
            -0.6135658025741577,
            0.7736468315124512,
            -0.15813834965229034,
            0.7672202587127686,
            0.6314519047737122,
            0.11243640631437302,
            0.18684278428554535,
            -0.05233979970216751,
            -0.9809945821762085
        ],
        "T": [
            0.24829743802547455,
            -0.47821709513664246,
            1.3526633977890015
        ],
        "distCoeff": [
            -0.09153100103139877,
            0.14221717417240143,
            -0.0006649123970419168,
            -0.0009480734006501734,
            -0.13593782484531403
        ],
        "imgSize": [
            1330,
            1150
        ],
        "rectifyAlpha": 0.0
    },
    "cam16": {
        "K": [
            1129.6082763671875,
            0.0,
            667.1520385742188,
            0.0,
            1129.750244140625,
            579.0361328125,
            0.0,
            0.0,
            1.0
        ],
        "R": [
            -0.5552781820297241,
            0.7435563206672668,
            -0.3725455105304718,
            0.7659704089164734,
            0.6317315697669983,
            0.11918339878320694,
            0.3239682614803314,
            -0.2191789150238037,
            -0.9203287959098816
        ],
        "T": [
            -0.1966039389371872,
            -0.5054522752761841,
            1.3530478477478027
        ],
        "distCoeff": [
            -0.08993089944124222,
            0.10776630789041519,
            0.00031500079785473645,
            0.00030012382194399834,
            -0.027140358462929726
        ],
        "imgSize": [
            1330,
            1150
        ],
        "rectifyAlpha": 0.0
    },
    "cam17": {
        "K": [
            1129.202880859375,
            0.0,
            669.2590942382812,
            0.0,
            1129.5264892578125,
            567.3696899414062,
            0.0,
            0.0,
            1.0
        ],
        "R": [
            -0.46836867928504944,
            0.6463842988014221,
            -0.6023437976837158,
            0.7632231116294861,
            0.6394456028938293,
            0.09273427724838257,
            0.4451081454753876,
            -0.41628891229629517,
            -0.7928318381309509
        ],
        "T": [
            -0.593512237071991,
            -0.5103952884674072,
            1.4591258764266968
        ],
        "distCoeff": [
            -0.09371237456798553,
            0.1387767195701599,
            -0.0005860593519173563,
            0.0002607689530123025,
            -0.08243107795715332
        ],
        "imgSize": [
            1330,
            1150
        ],
        "rectifyAlpha": 0.0
    },
    "cam18": {
        "K": [
            1132.409423828125,
            0.0,
            665.237060546875,
            0.0,
            1132.9322509765625,
            570.1576538085938,
            0.0,
            0.0,
            1.0
        ],
        "R": [
            -0.3399386703968048,
            0.5157179832458496,
            -0.7864329218864441,
            0.7617045640945435,
            0.6414468884468079,
            0.09139086306095123,
            0.5515868067741394,
            -0.5679622292518616,
            -0.610877275466919
        ],
        "T": [
            -0.9267581701278687,
            -0.5107133388519287,
            1.6688578128814697
        ],
        "distCoeff": [
            -0.09227296710014343,
            0.12742678821086884,
            -0.00018448283663019538,
            -0.00031593069434165955,
            -0.060074012726545334
        ],
        "imgSize": [
            1330,
            1150
        ],
        "rectifyAlpha": 0.0
    },
    "cam19": {
        "K": [
            1129.133056640625,
            0.0,
            660.1060180664062,
            0.0,
            1129.1033935546875,
            567.4320068359375,
            0.0,
            0.0,
            1.0
        ],
        "R": [
            -0.188834547996521,
            0.31352031230926514,
            -0.9306161999702454,
            0.7559225559234619,
            0.6513214707374573,
            0.06604039669036865,
            0.6268354058265686,
            -0.6910030841827393,
            -0.35998907685279846
        ],
        "T": [
            -1.1703078746795654,
            -0.544707715511322,
            1.970839023590088
        ],
        "distCoeff": [
            -0.09848793596029282,
            0.1278388798236847,
            0.00018490551155991852,
            -0.00041505269473418593,
            -0.03765365853905678
        ],
        "imgSize": [
            1330,
            1150
        ],
        "rectifyAlpha": 0.0
    },
    "cam20": {
        "K": [
            1125.7325439453125,
            0.0,
            664.1538696289062,
            0.0,
            1126.4058837890625,
            566.4935913085938,
            0.0,
            0.0,
            1.0
        ],
        "R": [
            -0.02742399275302887,
            0.1358613669872284,
            -0.9903482794761658,
            0.7562874555587769,
            0.6506627202033997,
            0.06831884384155273,
            0.6536645293235779,
            -0.747114360332489,
            -0.12059399485588074
        ],
        "T": [
            -1.4200735092163086,
            -0.5435484051704407,
            2.279945135116577
        ],
        "distCoeff": [
            -0.10250803828239441,
            0.17867018282413483,
            0.000823223905172199,
            -0.0010402434272691607,
            -0.1637568473815918
        ],
        "imgSize": [
            1330,
            1150
        ],
        "rectifyAlpha": 0.0
    },
    "cam21": {
        "K": [
            1136.0640869140625,
            0.0,
            662.0599975585938,
            0.0,
            1136.3563232421875,
            563.8951416015625,
            0.0,
            0.0,
            1.0
        ],
        "R": [
            0.12244004011154175,
            -0.07610127329826355,
            -0.9895539879798889,
            0.7633501291275024,
            0.6444233059883118,
            0.04489204287528992,
            0.6342752575874329,
            -0.7608727216720581,
            0.13699515163898468
        ],
        "T": [
            -1.4813728332519531,
            -0.5547779202461243,
            2.6932618618011475
        ],
        "distCoeff": [
            -0.08527017384767532,
            0.10706670582294464,
            0.001076182583346963,
            -1.613077438378241e-05,
            -0.03471437469124794
        ],
        "imgSize": [
            1330,
            1150
        ],
        "rectifyAlpha": 0.0
    },
    "cam22": {
        "K": [
            1120.9227294921875,
            0.0,
            677.9798583984375,
            0.0,
            1121.076171875,
            563.1549682617188,
            0.0,
            0.0,
            1.0
        ],
        "R": [
            0.2599758207798004,
            -0.2692450284957886,
            -0.9273185133934021,
            0.7643328905105591,
            0.6442466974258423,
            0.027226746082305908,
            0.5900912880897522,
            -0.7158583402633667,
            0.3732813894748688
        ],
        "T": [
            -1.5301690101623535,
            -0.5903348922729492,
            3.010021686553955
        ],
        "distCoeff": [
            -0.09790146350860596,
            0.13252364099025726,
            0.0013818795559927821,
            0.0014826105907559395,
            -0.07110504806041718
        ],
        "imgSize": [
            1330,
            1150
        ],
        "rectifyAlpha": 0.0
    },
    "cam23": {
        "K": [
            1120.84716796875,
            0.0,
            674.9315185546875,
            0.0,
            1121.910888671875,
            577.9261474609375,
            0.0,
            0.0,
            1.0
        ],
        "R": [
            0.3953026533126831,
            -0.4643184244632721,
            -0.7925555109977722,
            0.7668429613113403,
            0.641802191734314,
            0.006478339433670044,
            0.505655825138092,
            -0.6103265285491943,
            0.6097654104232788
        ],
        "T": [
            -1.39182710647583,
            -0.6518630385398865,
            3.3819358348846436
        ],
        "distCoeff": [
            -0.08799906820058823,
            0.07859814912080765,
            0.0008127058972604573,
            0.0011972053907811642,
            -0.00263117253780365
        ],
        "imgSize": [
            1330,
            1150
        ],
        "rectifyAlpha": 0.0
    }
}